Averange: 0.01688499999999974
Min: 0.012
Cvart_down: 0.013
Median: 0.013
Cvart_up: 0.016
Max: 0.075
Disp: 0.00735709442777581
Stderr: 0.00016450963257391628
RSE: 0.974294537008699
