Averange: 1.170481999999998
Min: 1.02
Cvart_down: 1.0410000000000001
Median: 1.062
Cvart_up: 1.11
Max: 3.1229999999999998
Disp: 0.2874641133850314
Stderr: 0.006427892986206374
RSE: 0.5491663251725686
