Averange: 0.08681799999999935
Min: 0.06499999999999999
Cvart_down: 0.068
Median: 0.06899999999999999
Cvart_up: 0.074
Max: 0.235
Disp: 0.036825302815642
Stderr: 0.0008234388038778992
RSE: 0.9484655300489592
