Averange: 0.03363500000000015
Min: 0.025
Cvart_down: 0.026
Median: 0.027
Cvart_up: 0.030000000000000002
Max: 0.111
Disp: 0.014557909924528498
Stderr: 0.0003255247620156455
RSE: 0.967815555271723
