Averange: 0.026512499999999883
Min: 0.019
Cvart_down: 0.02
Median: 0.020999999999999998
Cvart_up: 0.024
Max: 0.103
Disp: 0.01147631023449172
Stderr: 0.0002566180981520004
RSE: 0.9679136186779878
