Averange: 0.02276899999999978
Min: 0.016
Cvart_down: 0.017
Median: 0.018000000000000002
Cvart_up: 0.022
Max: 0.102
Disp: 0.009653871638819799
Stderr: 0.00021586713230458367
RSE: 0.948074716959839
