Averange: 0.12042049999999958
Min: 0.094
Cvart_down: 0.097
Median: 0.098
Cvart_up: 0.102
Max: 0.365
Disp: 0.0502292063080154
Stderr: 0.0011231591976058367
RSE: 0.9326976699198565
