Averange: 0.2846679999999993
Min: 0.216
Cvart_down: 0.223
Median: 0.22699999999999998
Cvart_up: 0.24899999999999997
Max: 0.8490000000000001
Disp: 0.12042892235119175
Stderr: 0.0026928725683430855
RSE: 0.945969539373267
