Averange: 0.1817465000000003
Min: 0.145
Cvart_down: 0.149
Median: 0.15100000000000002
Cvart_up: 0.156
Max: 0.55
Disp: 0.07289998931392912
Stderr: 0.0016300933166495375
RSE: 0.8969049289254729
