Averange: 0.3158584999999989
Min: 0.263
Cvart_down: 0.27099999999999996
Median: 0.27599999999999997
Cvart_up: 0.285
Max: 0.9740000000000001
Disp: 0.11324234805251188
Stderr: 0.002532175881771075
RSE: 0.8016804619065447
