Averange: 0.2630155000000002
Min: 0.193
Cvart_down: 0.202
Median: 0.206
Cvart_up: 0.236
Max: 0.8630000000000001
Disp: 0.11389138634546452
Stderr: 0.0025466888192015
RSE: 0.9682656798559394
