Averange: 0.6811654999999995
Min: 0.509
Cvart_down: 0.53
Median: 0.546
Cvart_up: 0.7829999999999999
Max: 1.7329999999999999
Disp: 0.24082855375952203
Stderr: 0.005385090171292538
RSE: 0.7905700114425263
