Averange: 0.08541749999999936
Min: 0.063
Cvart_down: 0.067
Median: 0.068
Cvart_up: 0.076
Max: 0.25999999999999995
Disp: 0.036755090288027294
Stderr: 0.0008218688040317135
RSE: 0.9621784810275643
