Averange: 0.05409079999999929
Min: 0.039
Cvart_down: 0.04
Median: 0.041999999999999996
Cvart_up: 0.048
Max: 0.193
Disp: 0.02411401147838821
Stderr: 0.0004822802295677642
RSE: 0.891612306654312
