Averange: 0.026934999999999664
Min: 0.02
Cvart_down: 0.020999999999999998
Median: 0.022
Cvart_up: 0.024
Max: 0.121
Disp: 0.011594826216787285
Stderr: 0.0002592681960803308
RSE: 0.9625698759247597
