Averange: 0.7067800000000007
Min: 0.5599999999999999
Cvart_down: 0.578
Median: 0.5910000000000001
Cvart_up: 0.716
Max: 2.37
Disp: 0.23152257978969631
Stderr: 0.005177002267358799
RSE: 0.73247718771878
