Averange: 0.7993529999999989
Min: 0.618
Cvart_down: 0.635
Median: 0.653
Cvart_up: 0.912
Max: 2.098
Disp: 0.2590675846139358
Stderr: 0.005792927299634391
RSE: 0.7247020152091003
