Averange: 0.40941400000000133
Min: 0.321
Cvart_down: 0.33399999999999996
Median: 0.34
Cvart_up: 0.359
Max: 1.3619999999999999
Disp: 0.15847494994124292
Stderr: 0.0035436076079949546
RSE: 0.8655316154296001
