Averange: 0.8202985000000017
Min: 0.666
Cvart_down: 0.6809999999999999
Median: 0.6980000000000001
Cvart_up: 0.847
Max: 2.198
Disp: 0.24952163216885642
Stderr: 0.005579473313862612
RSE: 0.6801759742170198
