Averange: 0.4635699999999993
Min: 0.348
Cvart_down: 0.361
Median: 0.36900000000000005
Cvart_up: 0.46
Max: 1.35
Disp: 0.1861840765349646
Stderr: 0.004163202514602044
RSE: 0.8980741882783722
