Averange: 0.4307214999999975
Min: 0.374
Cvart_down: 0.38499999999999995
Median: 0.389
Cvart_up: 0.402
Max: 1.954
Disp: 0.1299804769953933
Stderr: 0.0029064518230954703
RSE: 0.674786799148751
