Averange: 0.5256224999999981
Min: 0.398
Cvart_down: 0.415
Median: 0.425
Cvart_up: 0.532
Max: 1.295
Disp: 0.1990227726310806
Stderr: 0.0044502844867358084
RSE: 0.8466693276516559
