Averange: 0.5515959999999998
Min: 0.423
Cvart_down: 0.438
Median: 0.45
Cvart_up: 0.553
Max: 1.398
Disp: 0.20409282379437596
Stderr: 0.0045636542772411115
RSE: 0.8273544908304472
