Averange: 1.0908130000000034
Min: 0.9520000000000001
Cvart_down: 0.9859999999999999
Median: 1.0050000000000001
Cvart_up: 1.037
Max: 2.876
Disp: 0.25182113488146013
Stderr: 0.005630891757660883
RSE: 0.5162105473312901
