Averange: 0.016979499999999693
Min: 0.012
Cvart_down: 0.013
Median: 0.014
Cvart_up: 0.016
Max: 0.06499999999999999
Disp: 0.006734445495218164
Stderr: 0.0001505867791807505
RSE: 0.8868740491813847
