Averange: 0.14529950000000147
Min: 0.11299999999999999
Cvart_down: 0.118
Median: 0.12000000000000001
Cvart_up: 0.125
Max: 0.535
Disp: 0.0590757799240672
Stderr: 0.0013209745973403162
RSE: 0.9091391211534128
