Averange: 0.6298705000000021
Min: 0.53
Cvart_down: 0.545
Median: 0.5569999999999999
Cvart_up: 0.578
Max: 2.3649999999999998
Disp: 0.19374679259169633
Stderr: 0.004332309986575856
RSE: 0.6878096349290594
