Averange: 0.019618499999999595
Min: 0.014
Cvart_down: 0.015000000000000001
Median: 0.016
Cvart_up: 0.019
Max: 0.068
Disp: 0.008211800934465793
Stderr: 0.00018362145107161807
RSE: 0.9359607058216575
