Averange: 0.19379150000000184
Min: 0.162
Cvart_down: 0.17
Median: 0.17300000000000001
Cvart_up: 0.177
Max: 0.608
Disp: 0.06629396256437112
Stderr: 0.001482378067917601
RSE: 0.7649345135971325
