Averange: 0.021631999999999846
Min: 0.015000000000000001
Cvart_down: 0.016
Median: 0.017
Cvart_up: 0.02
Max: 0.07200000000000001
Disp: 0.009278934492314091
Stderr: 0.00020748328283581806
RSE: 0.9591497912158818
