Averange: 0.01643400000000003
Min: 0.014
Cvart_down: 0.014
Median: 0.015000000000000001
Cvart_up: 0.015000000000000001
Max: 0.11
Disp: 0.006284217508556443
Stderr: 0.00014051937534526572
RSE: 0.8550527890061184
