Averange: 0.15258899999999978
Min: 0.12000000000000001
Cvart_down: 0.122
Median: 0.124
Cvart_up: 0.12999999999999998
Max: 0.437
Disp: 0.06312657571324976
Stderr: 0.0014115531448161372
RSE: 0.9250687433669132
