Averange: 0.38421549999999927
Min: 0.311
Cvart_down: 0.324
Median: 0.33
Cvart_up: 0.34099999999999997
Max: 1.542
Disp: 0.14496524245663256
Stderr: 0.00324152136507769
RSE: 0.8436727214486912
