Averange: 0.23530899999999993
Min: 0.17200000000000001
Cvart_down: 0.178
Median: 0.182
Cvart_up: 0.237
Max: 0.707
Disp: 0.0990707829231932
Stderr: 0.002215290052003853
RSE: 0.9414387261022119
