Averange: 0.4264174999999965
Min: 0.357
Cvart_down: 0.374
Median: 0.38
Cvart_up: 0.392
Max: 1.521
Disp: 0.1403324260056966
Stderr: 0.0031379284399619687
RSE: 0.7358817215433219
