Averange: 0.27663400000000127
Min: 0.217
Cvart_down: 0.22699999999999998
Median: 0.231
Cvart_up: 0.244
Max: 0.7789999999999999
Disp: 0.10911905208424381
Stderr: 0.0024399761810070925
RSE: 0.8820232440723416
