Averange: 0.5162765000000002
Min: 0.412
Cvart_down: 0.426
Median: 0.435
Cvart_up: 0.472
Max: 1.532
Disp: 0.18332895516161724
Stderr: 0.004099360059853871
RSE: 0.7940241440107906
