Averange: 0.5831565000000005
Min: 0.464
Cvart_down: 0.477
Median: 0.488
Cvart_up: 0.5630000000000001
Max: 1.574
Disp: 0.1996438274444473
Stderr: 0.0044641716945402225
RSE: 0.7655186377139274
