Averange: 0.313311500000001
Min: 0.24600000000000002
Cvart_down: 0.255
Median: 0.259
Cvart_up: 0.273
Max: 0.864
Disp: 0.1261373330189782
Stderr: 0.00282051651130964
RSE: 0.9002275726584025
