Averange: 0.33453950000000077
Min: 0.273
Cvart_down: 0.281
Median: 0.285
Cvart_up: 0.294
Max: 0.879
Disp: 0.12712357626172566
Stderr: 0.0028425695806409716
RSE: 0.8496962483177517
