Averange: 0.022576500000000086
Min: 0.017
Cvart_down: 0.017
Median: 0.018000000000000002
Cvart_up: 0.020999999999999998
Max: 0.083
Disp: 0.009531819109580765
Stderr: 0.00021313795478254108
RSE: 0.9440699611655494
