Averange: 0.3628979999999998
Min: 0.298
Cvart_down: 0.306
Median: 0.311
Cvart_up: 0.323
Max: 1.239
Disp: 0.13467022176530027
Stderr: 0.0030113177041218315
RSE: 0.8297972719942885
