Averange: 0.9064134999999992
Min: 0.7150000000000001
Cvart_down: 0.736
Median: 0.757
Cvart_up: 1.056
Max: 2.403
Disp: 0.2612054184986914
Stderr: 0.00584073071854355
RSE: 0.6443781694054155
