Averange: 0.9259999999999995
Min: 0.754
Cvart_down: 0.784
Median: 0.8019999999999999
Cvart_up: 0.9349999999999999
Max: 2.679
Disp: 0.25912020886322346
Stderr: 0.005794104013621112
RSE: 0.625713176416967
