Averange: 0.9435000000000013
Min: 0.808
Cvart_down: 0.833
Median: 0.8490000000000001
Cvart_up: 0.876
Max: 2.572
Disp: 0.25190205104695124
Stderr: 0.00563270109812605
RSE: 0.5970006463302642
