Averange: 1.0250814999999993
Min: 0.857
Cvart_down: 0.887
Median: 0.906
Cvart_up: 1.002
Max: 2.627
Disp: 0.2672511467617543
Stderr: 0.0059759173122405545
RSE: 0.5829699699234215
