Averange: 0.5624835000000007
Min: 0.449
Cvart_down: 0.465
Median: 0.47600000000000003
Cvart_up: 0.5109999999999999
Max: 1.8639999999999999
Disp: 0.19741202973094413
Stderr: 0.004414267180546006
RSE: 0.7847816301359951
