Averange: 1.1106790000000004
Min: 0.909
Cvart_down: 0.9420000000000001
Median: 0.962
Cvart_up: 1.147
Max: 3.0959999999999996
Disp: 0.30732121814896257
Stderr: 0.0068719113470912235
RSE: 0.6187126385833549
