Averange: 0.5836410000000017
Min: 0.475
Cvart_down: 0.491
Median: 0.501
Cvart_up: 0.528
Max: 1.794
Disp: 0.19916261695658768
Stderr: 0.004453411500916824
RSE: 0.7630395227403165
