Averange: 0.6236639999999983
Min: 0.501
Cvart_down: 0.518
Median: 0.532
Cvart_up: 0.583
Max: 1.5870000000000002
Disp: 0.20639565568912469
Stderr: 0.00461514716381524
RSE: 0.7400053817143931
